-2.924e-19	0.99	-4.1171e-32	30
-2.93156e-19	0.99145	1.4008e-22	31.4
-2.9398e-19	0.99395	4.46761e-23	32.8
-2.964e-19	1	5.1722e-33	34.2
-2.92e-19	0.985	1.31268e-32	35.6
-2.88404e-19	0.98145	2.29396e-23	37
-2.88784e-19	0.9815	4.77709e-23	38.4
-2.88328e-19	0.9823	4.11712e-23	39.8
-2.9194e-19	0.98985	4.96679e-24	41.2
-2.81208e-19	0.97015	2.59239e-23	42.6
-2.7806e-19	0.9675	1.74235e-22	44
-2.75016e-19	0.9471	7.29141e-23	45.4
-2.8432e-19	0.9758	5.21701e-23	46.8
-2.72872e-19	0.92975	4.16394e-23	48.2
-2.82904e-19	0.97285	6.65717e-23	49.6
-2.67044e-19	0.9351	3.34421e-22	51
-2.7912e-19	0.958	9.1165e-24	52.4
-2.73384e-19	0.94995	3.92709e-23	53.8
-2.52656e-19	0.89635	1.91801e-22	55.2
-2.5704e-19	0.9177	6.60549e-23	56.6
-2.63056e-19	0.93045	4.03416e-23	58
-2.146e-19	0.7905	1.17551e-22	59.4
-2.40832e-19	0.8861	5.59073e-23	60.8
-2.43436e-19	0.8622	8.69325e-23	62.2
-2.26252e-19	0.7822	1.58987e-22	63.6
-2.2844e-19	0.8408	7.53475e-23	65
-1.968e-19	0.65325	1.5408e-22	66.4
-2.08844e-19	0.7753	5.38943e-23	67.8
-2.0242e-19	0.72825	1.05361e-21	69.2
-1.7554e-19	0.5776	2.5019e-22	70.6
-1.7096e-19	0.51475	1.37751e-22	72
-1.70708e-19	0.23425	9.02506e-23	73.4
-1.50108e-19	0.1365	6.49071e-23	74.8
-1.49732e-19	-0.54635	4.35655e-22	76.2
-1.49824e-19	0.5927	3.2536e-23	77.6
-8.7096e-20	0.0183	9.46494e-23	79
-1.16496e-19	0.00055	3.16288e-23	80.4
-1.28332e-19	-0.5221	7.19116e-23	81.8
-1.2754e-19	-0.51765	1.97159e-22	83.2
-1.25384e-19	-0.0064	5.8369e-23	84.6
-1.01192e-19	0.0416	2.4409e-22	86
-9.548e-20	-0.05495	3.78213e-23	87.4
-1.01844e-19	0.0699	7.15684e-23	88.8
-7.4444e-20	0.03185	3.26436e-23	90.2
-9.2316e-20	-0.12785	3.10291e-23	91.6
-9.9696e-20	0.26875	6.39966e-23	93
-1.12964e-19	-0.3974	8.22428e-23	94.4
-9.2468e-20	0.04975	8.25073e-23	95.8
-6.8648e-20	0.1536	6.00001e-23	97.2
-6.8764e-20	-0.09205	6.71844e-23	98.6
